1000
75773
80466
44941
65846
9880
74340
59822
32965
57628
10587
27241
17201
23363
59008
95838
41194
15132
72137
62869
43123
79897
97313
32292
41717
96353
47864
91953
46986
97426
50670
74546
18332
96134
15318
58370
41565
82547
95326
86657
38158
19956
5260
44744
34533
21514
38670
67787
32280
12479
17438
68511
19091
65861
85838
67159
53104
52565
33125
79139
97041
85321
32837
86709
12294
4726
86773
153
96677
33453
50948
84301
25629
4855
34860
206
40235
46982
64034
36282
49378
60104
48051
56282
48532
46449
15989
93671
76147
38695
52744
79663
43202
41115
8672
41629
72691
61292
85282
40374
18483
90743
48619
20294
67674
7569
34671
37158
83582
37741
10657
80391
70972
41021
62259
90363
42765
31498
54056
81669
96785
96225
35856
52977
71033
74225
31908
2478
46977
50681
51407
82599
80912
67489
72341
59493
36743
72698
57045
39779
51771
24909
89358
20012
34607
7074
15699
13483
63014
14846
47475
46062
77848
60779
46829
87943
61353
35190
33568
23147
22010
11664
53813
9332
44350
41444
74529
1528
47055
84302
14895
3273
70965
2440
91060
11148
31999
26006
71406
69018
52124
87734
52622
99014
53954
50227
36248
80612
62090
72028
53602
30440
81428
67106
32958
97871
15872
68389
6243
24726
66160
30348
14079
79253
87848
87201
65070
72257
57715
1906
61821
57864
13836
62967
16667
60557
8222
35932
97469
80438
80630
33340
59311
15544
24688
65534
4273
49142
44355
15715
44170
22897
59334
6042
40918
27260
20417
58427
69480
11114
63895
31610
1695
58393
29009
8232
49465
5434
82139
20335
67275
14208
24109
68032
80893
95635
43706
5463
36031
79440
24482
21501
8054
75788
19383
50705
7490
20223
35421
26623
35339
49817
25860
83221
20960
60608
24181
30472
81187
12373
80723
37755
51945
44171
20654
84288
22456
52849
9539
85783
15469
80670
42868
33858
11437
23479
70380
58586
39680
37481
59549
605
71986
17851
82867
13318
12580
58967
66657
5697
89209
51592
92881
89996
1678
10682
64214
83361
18044
36711
89142
74997
77808
34549
23659
95824
44245
12487
67726
12542
98647
14997
3378
4167
31425
31925
2719
24309
80062
73504
41598
82334
32797
75897
76711
1512
76922
35509
74321
63386
73193
71422
92390
75998
80050
30487
79780
15577
48356
63688
57669
20500
32476
46270
73502
80573
57865
99206
13822
37557
55748
87021
63564
2635
10326
19861
55051
81941
50500
87506
60807
89037
66897
61842
18979
71756
49244
72728
19300
6816
41483
15487
83307
31611
2809
43883
65600
51542
52702
87691
39734
27963
56987
77727
54088
52584
6954
61135
14009
77723
90173
12062
49257
52117
14573
89620
66406
39075
58254
46914
76355
66019
42036
16998
60742
32833
48574
7976
8514
92935
9759
48861
96885
24600
30827
55582
64498
23718
93903
34050
44284
43089
66125
44598
75477
33941
3578
32492
34243
56186
43143
22823
76711
18286
92346
58787
20170
65449
35655
56626
99551
84614
5863
37098
25524
23554
78016
87806
90593
68966
81395
45334
73112
99094
27474
30910
69405
39311
511
58874
64595
47724
56675
52551
37489
25816
46359
46898
3208
80831
61795
15367
66610
61356
78792
14202
15087
11628
77084
25182
29770
21559
19881
5104
60862
61907
33276
77581
53081
61951
97798
46421
95967
54892
30843
56735
81454
81577
47834
28071
36678
84937
66460
49460
45376
58809
34636
96021
3483
17602
79736
65210
39787
34671
66512
5799
28389
38508
9583
75781
11414
73097
15210
51218
79970
53048
29293
63992
39760
40449
3792
13694
77939
11410
88484
7564
53793
28828
36582
48994
95249
77167
9252
84776
36054
99583
47564
92714
46611
97939
72864
63092
55449
34042
36864
52280
5676
54595
13636
96464
22169
99321
21124
2226
18549
53236
55821
58463
20536
23334
37868
39557
84040
42549
99237
4244
67098
76536
78548
23636
4465
84034
90571
80173
33387
78549
91569
39481
82552
25925
880
70431
52186
32884
11725
9611
84232
91005
79911
34218
13558
90185
18255
83380
20280
52616
10652
46795
23937
56338
91189
48487
18929
91085
74950
84762
91164
20727
83334
13085
51092
68354
93216
25235
60105
94173
58389
76770
98669
83214
15233
94146
14409
20948
34259
13922
34723
91201
11641
32969
80001
13814
71656
10136
90612
68180
80219
48856
43658
97726
77304
14005
35528
77824
3699
25186
96219
20025
68791
97496
29681
80729
97365
96981
62384
95187
9345
84435
48189
42475
32877
18710
76217
4472
2213
45773
47689
28265
26877
73506
69570
51352
88895
22579
16493
36069
79879
5537
53220
16818
54578
30288
9173
34425
8122
71525
75419
68562
3003
63031
68144
83279
51826
83392
19067
16725
37279
64159
97883
82413
66317
18540
98378
40730
19432
17754
4477
68582
13614
67114
63477
98155
52469
28961
87570
27091
14441
2148
14743
91211
42635
71476
24376
18667
25569
60957
54861
66846
56874
41437
35201
67529
76294
85435
72009
27085
18520
85404
57887
76500
81096
20106
92221
16332
28842
49250
7758
22158
98760
66798
61818
92378
57457
60621
72291
77650
23032
69970
44303
73206
68878
5058
10811
30926
31130
35766
38475
52079
59287
83536
67105
19006
8521
85448
29545
68773
78456
20145
1715
50540
19484
87846
54160
14315
28529
74445
30479
53088
7412
8398
62421
47218
78691
36497
89741
99719
13792
95826
74952
9011
85284
19160
6816
34727
78269
59511
31822
90745
283
90494
22723
32422
80067
74145
47213
74632
6348
25102
1327
99438
72054
71897
23028
6605
39120
23491
97128
49367
35729
52222
99076
55097
99991
71006
49463
12140
36868
50379
9797
6560
37009
48610
25003
69371
6904
77210
92454
81008
48926
13782
52875
60234
29455
20941
52932
62293
99101
37173
16979
37587
59537
99280
40249
12430
18832
42988
52187
42027
17822
92446
94615
89129
30074
815
25374
3546
93531
12941
91830
91657
85783
54527
2275
64447
6237
25591
75267
83970
96536
34311
75614
23443
10504
74224
41274
26857
62930
1475
68171
16019
40381
29105
43060
59692
46239
86586
93000
27180
66546
39510
10763
22559
87638
92684
90379
15616
33232
47966
84225
9959
64233
40226
98151
3480
73125
71549
89257
76417
65213
38034
92850
59983
77583
66128
79064
89373
38106
12601
76944
94994
20248
67752
5860
62484
69368
55937
38592
46173
18350
96316
88308
82112
64262
60908
5722
83244
94294
28978
76844
55556
89966
4850
21990
96592
6659
57401
18323
43673
80446
10907
99516
