500
485
754
963
686
847
121
766
555
31
686
907
843
633
344
503
911
563
106
608
462
512
761
842
844
911
449
345
739
966
571
116
803
325
432
842
173
553
608
728
936
294
987
779
279
683
634
543
247
740
503
61
604
616
904
800
879
705
146
619
23
717
87
827
395
519
21
568
424
629
648
361
276
636
492
907
319
127
802
918
219
657
332
824
274
588
976
153
293
122
124
317
192
212
496
587
83
517
507
860
498
507
221
126
495
713
386
167
192
540
85
412
198
417
588
472
5
564
977
651
39
102
320
231
666
816
170
101
685
29
961
535
536
534
662
32
600
48
199
792
940
636
556
138
406
144
962
763
61
940
414
452
42
734
683
60
902
205
161
939
234
123
475
770
9
137
154
609
537
705
754
477
694
310
968
100
807
930
215
220
222
982
672
264
68
707
676
971
912
838
910
498
313
385
620
674
874
775
284
763
832
390
593
526
700
561
978
859
843
194
79
66
176
103
682
244
810
359
567
74
549
830
572
862
215
193
536
442
320
172
205
504
562
798
31
615
711
9
474
555
555
906
621
731
9
303
328
820
662
895
894
211
725
819
425
293
364
314
735
36
486
292
540
401
443
571
16
154
933
490
709
488
396
682
572
406
986
900
578
0
795
824
564
521
643
989
166
359
655
253
395
142
545
936
895
340
859
911
495
792
753
556
633
502
239
205
908
577
105
838
577
252
662
493
773
658
835
291
17
490
544
765
984
90
53
879
430
912
790
277
57
896
186
690
398
425
895
658
354
352
496
931
604
510
777
730
168
612
21
538
102
566
655
87
8
708
318
790
620
109
420
29
357
606
719
755
31
966
413
385
670
261
668
275
771
445
5
292
409
378
182
512
296
837
951
304
897
269
447
869
730
867
899
87
825
970
842
856
937
607
593
959
868
613
234
992
411
591
284
820
970
818
684
266
655
635
923
904
257
722
773
987
941
672
427
766
643
621
974
932
229
919
891
449
532
478
441
295
69
77
468
391
895
152
10
902
140
285
806
397
7
580
736
948
252
515
714
247
137
40
531
718
959
775
519
491
253
961
139
674
390
607
66
286
759
428
540
251
713
347
648
72
279
737
20
883
252
86
131
741
126
14
811
437
789
331
928
42
644
419
717
